	|unsigned:[0,4294967295]
int-----{
	|signed:[-2147483648,2147483647]

FLT_MAX=3.402823e+38
FLT_MIN=1.175494e-38
DBL_MAX=1.797693e+308
DBL_MIN=2.225074e-308
LDBL_MAX=1.189731e+4932
LDBL_MIN=3.362103e-4932

